[
    {
        "asignaturas": {
            "1": {
                "cantidad_bloques": 1,
                "bloques_no_disponibles": [
                    [
                        14,
                        4
                    ],
                    [
                        3,
                        2
                    ],
                    [
                        3,
                        1
                    ],
                    [
                        4,
                        5
                    ],
                    [
                        1,
                        3
                    ],
                    [
                        8,
                        3
                    ],
                    [
                        5,
                        4
                    ],
                    [
                        7,
                        2
                    ],
                    [
                        7,
                        4
                    ]
                ],
                "prioridad": 5
            },
            "2": {
                "cantidad_bloques": 1,
                "bloques_no_disponibles": [
                    [
                        3,
                        2
                    ],
                    [
                        7,
                        1
                    ],
                    [
                        13,
                        4
                    ],
                    [
                        1,
                        5
                    ],
                    [
                        10,
                        4
                    ],
                    [
                        10,
                        5
                    ],
                    [
                        2,
                        2
                    ]
                ],
                "prioridad": 5
            },
            "3": {
                "cantidad_bloques": 1,
                "bloques_no_disponibles": [
                    [
                        12,
                        4
                    ],
                    [
                        7,
                        3
                    ],
                    [
                        5,
                        3
                    ],
                    [
                        8,
                        5
                    ],
                    [
                        14,
                        5
                    ],
                    [
                        2,
                        4
                    ],
                    [
                        10,
                        2
                    ],
                    [
                        9,
                        2
                    ],
                    [
                        1,
                        5
                    ],
                    [
                        11,
                        4
                    ],
                    [
                        9,
                        3
                    ],
                    [
                        5,
                        2
                    ],
                    [
                        12,
                        5
                    ],
                    [
                        4,
                        1
                    ],
                    [
                        3,
                        1
                    ]
                ],
                "prioridad": 2
            },
            "4": {
                "cantidad_bloques": 1,
                "bloques_no_disponibles": [
                    [
                        1,
                        2
                    ],
                    [
                        12,
                        1
                    ],
                    [
                        12,
                        3
                    ],
                    [
                        14,
                        3
                    ],
                    [
                        12,
                        2
                    ],
                    [
                        3,
                        3
                    ],
                    [
                        5,
                        5
                    ],
                    [
                        7,
                        2
                    ],
                    [
                        14,
                        5
                    ],
                    [
                        10,
                        2
                    ],
                    [
                        3,
                        2
                    ],
                    [
                        1,
                        3
                    ],
                    [
                        8,
                        3
                    ],
                    [
                        10,
                        5
                    ],
                    [
                        14,
                        4
                    ],
                    [
                        5,
                        2
                    ],
                    [
                        9,
                        3
                    ]
                ],
                "prioridad": 4
            },
            "5": {
                "cantidad_bloques": 2,
                "bloques_no_disponibles": [
                    [
                        4,
                        5
                    ],
                    [
                        9,
                        3
                    ],
                    [
                        3,
                        3
                    ],
                    [
                        10,
                        3
                    ],
                    [
                        4,
                        2
                    ],
                    [
                        1,
                        2
                    ],
                    [
                        7,
                        5
                    ],
                    [
                        9,
                        1
                    ],
                    [
                        6,
                        2
                    ],
                    [
                        12,
                        5
                    ],
                    [
                        3,
                        5
                    ],
                    [
                        11,
                        5
                    ],
                    [
                        13,
                        2
                    ]
                ],
                "prioridad": 5
            },
            "6": {
                "cantidad_bloques": 1,
                "bloques_no_disponibles": [
                    [
                        13,
                        2
                    ],
                    [
                        1,
                        4
                    ],
                    [
                        7,
                        3
                    ],
                    [
                        6,
                        4
                    ],
                    [
                        13,
                        3
                    ],
                    [
                        7,
                        5
                    ],
                    [
                        12,
                        5
                    ],
                    [
                        5,
                        1
                    ],
                    [
                        10,
                        5
                    ],
                    [
                        12,
                        1
                    ],
                    [
                        14,
                        1
                    ],
                    [
                        8,
                        5
                    ],
                    [
                        5,
                        5
                    ],
                    [
                        6,
                        2
                    ],
                    [
                        7,
                        1
                    ]
                ],
                "prioridad": 5
            },
            "7": {
                "cantidad_bloques": 1,
                "bloques_no_disponibles": [
                    [
                        5,
                        2
                    ],
                    [
                        9,
                        2
                    ],
                    [
                        8,
                        3
                    ],
                    [
                        2,
                        3
                    ],
                    [
                        7,
                        1
                    ],
                    [
                        12,
                        5
                    ],
                    [
                        3,
                        3
                    ],
                    [
                        12,
                        1
                    ],
                    [
                        11,
                        2
                    ],
                    [
                        1,
                        2
                    ],
                    [
                        12,
                        2
                    ],
                    [
                        6,
                        1
                    ]
                ],
                "prioridad": 1
            },
            "8": {
                "cantidad_bloques": 1,
                "bloques_no_disponibles": [
                    [
                        6,
                        3
                    ],
                    [
                        3,
                        4
                    ],
                    [
                        14,
                        1
                    ],
                    [
                        9,
                        1
                    ],
                    [
                        4,
                        5
                    ],
                    [
                        5,
                        2
                    ],
                    [
                        13,
                        3
                    ],
                    [
                        10,
                        2
                    ],
                    [
                        6,
                        1
                    ],
                    [
                        14,
                        3
                    ],
                    [
                        13,
                        1
                    ],
                    [
                        11,
                        3
                    ],
                    [
                        11,
                        2
                    ],
                    [
                        10,
                        1
                    ]
                ],
                "prioridad": 3
            },
            "9": {
                "cantidad_bloques": 2,
                "bloques_no_disponibles": [
                    [
                        7,
                        5
                    ],
                    [
                        12,
                        4
                    ],
                    [
                        7,
                        4
                    ],
                    [
                        4,
                        1
                    ],
                    [
                        4,
                        5
                    ],
                    [
                        10,
                        5
                    ],
                    [
                        11,
                        3
                    ],
                    [
                        7,
                        1
                    ],
                    [
                        3,
                        1
                    ]
                ],
                "prioridad": 5
            },
            "10": {
                "cantidad_bloques": 2,
                "bloques_no_disponibles": [
                    [
                        7,
                        1
                    ],
                    [
                        6,
                        3
                    ],
                    [
                        2,
                        5
                    ],
                    [
                        10,
                        1
                    ],
                    [
                        12,
                        1
                    ],
                    [
                        13,
                        3
                    ],
                    [
                        9,
                        5
                    ],
                    [
                        3,
                        1
                    ],
                    [
                        11,
                        3
                    ],
                    [
                        5,
                        2
                    ],
                    [
                        7,
                        3
                    ],
                    [
                        14,
                        1
                    ],
                    [
                        7,
                        4
                    ],
                    [
                        1,
                        2
                    ],
                    [
                        4,
                        3
                    ],
                    [
                        5,
                        4
                    ],
                    [
                        12,
                        2
                    ],
                    [
                        14,
                        2
                    ]
                ],
                "prioridad": 2
            },
            "11": {
                "cantidad_bloques": 1,
                "bloques_no_disponibles": [
                    [
                        13,
                        4
                    ],
                    [
                        6,
                        5
                    ],
                    [
                        5,
                        5
                    ],
                    [
                        1,
                        4
                    ],
                    [
                        12,
                        2
                    ],
                    [
                        1,
                        2
                    ],
                    [
                        4,
                        1
                    ],
                    [
                        3,
                        3
                    ],
                    [
                        10,
                        4
                    ],
                    [
                        11,
                        3
                    ],
                    [
                        10,
                        3
                    ],
                    [
                        2,
                        4
                    ],
                    [
                        9,
                        5
                    ],
                    [
                        13,
                        5
                    ],
                    [
                        6,
                        2
                    ],
                    [
                        12,
                        5
                    ],
                    [
                        5,
                        4
                    ],
                    [
                        10,
                        1
                    ],
                    [
                        2,
                        2
                    ],
                    [
                        10,
                        5
                    ],
                    [
                        2,
                        3
                    ]
                ],
                "prioridad": 5
            },
            "12": {
                "cantidad_bloques": 1,
                "bloques_no_disponibles": [
                    [
                        11,
                        2
                    ],
                    [
                        1,
                        3
                    ],
                    [
                        12,
                        4
                    ],
                    [
                        7,
                        5
                    ],
                    [
                        8,
                        2
                    ],
                    [
                        5,
                        2
                    ],
                    [
                        6,
                        1
                    ],
                    [
                        9,
                        3
                    ],
                    [
                        2,
                        5
                    ],
                    [
                        5,
                        4
                    ],
                    [
                        2,
                        2
                    ],
                    [
                        11,
                        5
                    ],
                    [
                        7,
                        4
                    ],
                    [
                        9,
                        2
                    ],
                    [
                        14,
                        5
                    ],
                    [
                        5,
                        5
                    ],
                    [
                        13,
                        2
                    ],
                    [
                        8,
                        4
                    ]
                ],
                "prioridad": 4
            },
            "13": {
                "cantidad_bloques": 1,
                "bloques_no_disponibles": [
                    [
                        11,
                        5
                    ],
                    [
                        8,
                        1
                    ],
                    [
                        4,
                        2
                    ],
                    [
                        11,
                        2
                    ],
                    [
                        3,
                        4
                    ],
                    [
                        1,
                        3
                    ],
                    [
                        4,
                        3
                    ],
                    [
                        8,
                        4
                    ],
                    [
                        2,
                        4
                    ],
                    [
                        14,
                        3
                    ],
                    [
                        7,
                        3
                    ],
                    [
                        7,
                        5
                    ],
                    [
                        7,
                        4
                    ],
                    [
                        13,
                        3
                    ],
                    [
                        5,
                        5
                    ],
                    [
                        8,
                        2
                    ],
                    [
                        5,
                        2
                    ],
                    [
                        9,
                        3
                    ]
                ],
                "prioridad": 4
            },
            "14": {
                "cantidad_bloques": 2,
                "bloques_no_disponibles": [
                    [
                        13,
                        4
                    ],
                    [
                        13,
                        1
                    ],
                    [
                        9,
                        1
                    ],
                    [
                        1,
                        5
                    ],
                    [
                        12,
                        5
                    ],
                    [
                        8,
                        4
                    ],
                    [
                        7,
                        5
                    ],
                    [
                        6,
                        4
                    ],
                    [
                        2,
                        5
                    ],
                    [
                        9,
                        2
                    ],
                    [
                        7,
                        4
                    ],
                    [
                        1,
                        1
                    ],
                    [
                        5,
                        1
                    ],
                    [
                        9,
                        5
                    ],
                    [
                        3,
                        1
                    ],
                    [
                        4,
                        3
                    ],
                    [
                        13,
                        5
                    ],
                    [
                        11,
                        2
                    ],
                    [
                        2,
                        3
                    ]
                ],
                "prioridad": 4
            },
            "15": {
                "cantidad_bloques": 2,
                "bloques_no_disponibles": [
                    [
                        14,
                        2
                    ],
                    [
                        6,
                        1
                    ],
                    [
                        3,
                        3
                    ],
                    [
                        14,
                        1
                    ],
                    [
                        4,
                        4
                    ],
                    [
                        1,
                        2
                    ],
                    [
                        11,
                        4
                    ],
                    [
                        6,
                        5
                    ],
                    [
                        10,
                        5
                    ],
                    [
                        7,
                        3
                    ],
                    [
                        5,
                        5
                    ],
                    [
                        11,
                        2
                    ],
                    [
                        2,
                        2
                    ],
                    [
                        5,
                        2
                    ]
                ],
                "prioridad": 5
            },
            "16": {
                "cantidad_bloques": 1,
                "bloques_no_disponibles": [
                    [
                        1,
                        4
                    ],
                    [
                        13,
                        2
                    ],
                    [
                        4,
                        4
                    ],
                    [
                        11,
                        5
                    ],
                    [
                        13,
                        4
                    ],
                    [
                        8,
                        3
                    ],
                    [
                        11,
                        1
                    ],
                    [
                        12,
                        1
                    ],
                    [
                        4,
                        1
                    ],
                    [
                        6,
                        4
                    ],
                    [
                        12,
                        4
                    ],
                    [
                        9,
                        5
                    ],
                    [
                        10,
                        4
                    ],
                    [
                        14,
                        4
                    ],
                    [
                        10,
                        2
                    ],
                    [
                        11,
                        4
                    ],
                    [
                        13,
                        3
                    ],
                    [
                        13,
                        5
                    ]
                ],
                "prioridad": 1
            },
            "17": {
                "cantidad_bloques": 1,
                "bloques_no_disponibles": [
                    [
                        14,
                        2
                    ],
                    [
                        7,
                        1
                    ],
                    [
                        10,
                        5
                    ],
                    [
                        12,
                        4
                    ],
                    [
                        4,
                        2
                    ],
                    [
                        3,
                        4
                    ],
                    [
                        8,
                        5
                    ],
                    [
                        9,
                        1
                    ],
                    [
                        4,
                        5
                    ],
                    [
                        4,
                        4
                    ],
                    [
                        8,
                        4
                    ],
                    [
                        1,
                        3
                    ],
                    [
                        2,
                        2
                    ],
                    [
                        9,
                        2
                    ],
                    [
                        14,
                        5
                    ],
                    [
                        12,
                        5
                    ],
                    [
                        10,
                        1
                    ]
                ],
                "prioridad": 5
            },
            "18": {
                "cantidad_bloques": 2,
                "bloques_no_disponibles": [
                    [
                        8,
                        1
                    ],
                    [
                        13,
                        5
                    ],
                    [
                        10,
                        1
                    ],
                    [
                        1,
                        2
                    ],
                    [
                        2,
                        2
                    ],
                    [
                        12,
                        2
                    ],
                    [
                        2,
                        1
                    ],
                    [
                        8,
                        5
                    ],
                    [
                        5,
                        2
                    ],
                    [
                        1,
                        3
                    ]
                ],
                "prioridad": 1
            },
            "19": {
                "cantidad_bloques": 1,
                "bloques_no_disponibles": [
                    [
                        4,
                        3
                    ],
                    [
                        13,
                        4
                    ],
                    [
                        9,
                        1
                    ],
                    [
                        13,
                        5
                    ],
                    [
                        6,
                        2
                    ],
                    [
                        4,
                        4
                    ],
                    [
                        12,
                        3
                    ],
                    [
                        3,
                        5
                    ],
                    [
                        12,
                        2
                    ],
                    [
                        12,
                        5
                    ]
                ],
                "prioridad": 8
            },
            "20": {
                "cantidad_bloques": 1,
                "bloques_no_disponibles": [
                    [
                        8,
                        4
                    ],
                    [
                        5,
                        1
                    ],
                    [
                        5,
                        2
                    ],
                    [
                        1,
                        2
                    ],
                    [
                        10,
                        2
                    ],
                    [
                        7,
                        3
                    ],
                    [
                        2,
                        5
                    ],
                    [
                        12,
                        2
                    ],
                    [
                        12,
                        5
                    ],
                    [
                        2,
                        3
                    ],
                    [
                        13,
                        2
                    ],
                    [
                        10,
                        3
                    ],
                    [
                        9,
                        1
                    ],
                    [
                        14,
                        3
                    ],
                    [
                        6,
                        5
                    ],
                    [
                        9,
                        3
                    ],
                    [
                        8,
                        1
                    ],
                    [
                        3,
                        2
                    ]
                ],
                "prioridad": 3
            },
            "21": {
                "cantidad_bloques": 1,
                "bloques_no_disponibles": [
                    [
                        10,
                        1
                    ],
                    [
                        7,
                        1
                    ],
                    [
                        5,
                        2
                    ],
                    [
                        4,
                        1
                    ],
                    [
                        14,
                        2
                    ],
                    [
                        10,
                        5
                    ],
                    [
                        5,
                        3
                    ],
                    [
                        1,
                        2
                    ],
                    [
                        7,
                        4
                    ],
                    [
                        4,
                        4
                    ],
                    [
                        3,
                        5
                    ],
                    [
                        6,
                        1
                    ],
                    [
                        13,
                        5
                    ],
                    [
                        4,
                        3
                    ]
                ],
                "prioridad": 9
            },
            "22": {
                "cantidad_bloques": 2,
                "bloques_no_disponibles": [
                    [
                        10,
                        3
                    ],
                    [
                        1,
                        5
                    ],
                    [
                        2,
                        5
                    ],
                    [
                        4,
                        5
                    ],
                    [
                        4,
                        3
                    ],
                    [
                        4,
                        4
                    ],
                    [
                        14,
                        3
                    ],
                    [
                        9,
                        3
                    ],
                    [
                        12,
                        1
                    ],
                    [
                        2,
                        1
                    ],
                    [
                        1,
                        1
                    ],
                    [
                        5,
                        5
                    ],
                    [
                        13,
                        1
                    ],
                    [
                        3,
                        5
                    ],
                    [
                        10,
                        2
                    ]
                ],
                "prioridad": 4
            },
            "23": {
                "cantidad_bloques": 2,
                "bloques_no_disponibles": [
                    [
                        14,
                        1
                    ],
                    [
                        4,
                        1
                    ],
                    [
                        6,
                        5
                    ],
                    [
                        2,
                        1
                    ],
                    [
                        4,
                        3
                    ],
                    [
                        8,
                        5
                    ],
                    [
                        9,
                        4
                    ],
                    [
                        8,
                        2
                    ],
                    [
                        12,
                        2
                    ]
                ],
                "prioridad": 2
            },
            "24": {
                "cantidad_bloques": 1,
                "bloques_no_disponibles": [
                    [
                        11,
                        3
                    ],
                    [
                        8,
                        1
                    ],
                    [
                        12,
                        3
                    ],
                    [
                        6,
                        4
                    ],
                    [
                        11,
                        1
                    ],
                    [
                        5,
                        4
                    ],
                    [
                        12,
                        4
                    ],
                    [
                        5,
                        1
                    ],
                    [
                        9,
                        5
                    ],
                    [
                        10,
                        5
                    ],
                    [
                        11,
                        2
                    ],
                    [
                        8,
                        4
                    ],
                    [
                        1,
                        1
                    ],
                    [
                        1,
                        5
                    ]
                ],
                "prioridad": 4
            },
            "25": {
                "cantidad_bloques": 2,
                "bloques_no_disponibles": [
                    [
                        13,
                        4
                    ],
                    [
                        8,
                        5
                    ],
                    [
                        12,
                        2
                    ],
                    [
                        9,
                        4
                    ],
                    [
                        11,
                        1
                    ],
                    [
                        8,
                        1
                    ],
                    [
                        3,
                        1
                    ]
                ],
                "prioridad": 3
            },
            "26": {
                "cantidad_bloques": 1,
                "bloques_no_disponibles": [
                    [
                        9,
                        3
                    ],
                    [
                        12,
                        4
                    ],
                    [
                        8,
                        2
                    ],
                    [
                        4,
                        1
                    ],
                    [
                        7,
                        3
                    ],
                    [
                        5,
                        5
                    ],
                    [
                        7,
                        4
                    ],
                    [
                        3,
                        4
                    ],
                    [
                        10,
                        1
                    ],
                    [
                        6,
                        1
                    ],
                    [
                        9,
                        1
                    ],
                    [
                        14,
                        4
                    ],
                    [
                        10,
                        2
                    ],
                    [
                        9,
                        5
                    ],
                    [
                        8,
                        5
                    ],
                    [
                        3,
                        5
                    ],
                    [
                        6,
                        5
                    ],
                    [
                        11,
                        1
                    ],
                    [
                        12,
                        3
                    ],
                    [
                        2,
                        2
                    ],
                    [
                        5,
                        4
                    ]
                ],
                "prioridad": 9
            },
            "27": {
                "cantidad_bloques": 2,
                "bloques_no_disponibles": [
                    [
                        10,
                        1
                    ],
                    [
                        13,
                        3
                    ],
                    [
                        10,
                        2
                    ],
                    [
                        13,
                        5
                    ],
                    [
                        11,
                        3
                    ],
                    [
                        1,
                        1
                    ],
                    [
                        3,
                        2
                    ],
                    [
                        4,
                        4
                    ],
                    [
                        6,
                        1
                    ],
                    [
                        7,
                        1
                    ]
                ],
                "prioridad": 1
            },
            "28": {
                "cantidad_bloques": 1,
                "bloques_no_disponibles": [
                    [
                        10,
                        1
                    ],
                    [
                        11,
                        1
                    ],
                    [
                        7,
                        2
                    ],
                    [
                        12,
                        1
                    ],
                    [
                        8,
                        2
                    ],
                    [
                        10,
                        2
                    ],
                    [
                        11,
                        2
                    ],
                    [
                        1,
                        2
                    ],
                    [
                        12,
                        5
                    ],
                    [
                        4,
                        2
                    ],
                    [
                        14,
                        1
                    ],
                    [
                        3,
                        2
                    ],
                    [
                        9,
                        3
                    ],
                    [
                        13,
                        1
                    ]
                ],
                "prioridad": 3
            },
            "29": {
                "cantidad_bloques": 1,
                "bloques_no_disponibles": [
                    [
                        10,
                        4
                    ],
                    [
                        6,
                        4
                    ],
                    [
                        10,
                        2
                    ],
                    [
                        4,
                        1
                    ],
                    [
                        6,
                        5
                    ],
                    [
                        13,
                        3
                    ],
                    [
                        11,
                        2
                    ],
                    [
                        6,
                        1
                    ],
                    [
                        3,
                        4
                    ],
                    [
                        2,
                        3
                    ],
                    [
                        1,
                        4
                    ],
                    [
                        8,
                        1
                    ],
                    [
                        12,
                        5
                    ],
                    [
                        1,
                        1
                    ],
                    [
                        8,
                        3
                    ],
                    [
                        3,
                        3
                    ],
                    [
                        4,
                        4
                    ]
                ],
                "prioridad": 2
            },
            "30": {
                "cantidad_bloques": 2,
                "bloques_no_disponibles": [
                    [
                        14,
                        5
                    ],
                    [
                        4,
                        5
                    ],
                    [
                        10,
                        5
                    ],
                    [
                        14,
                        3
                    ],
                    [
                        9,
                        2
                    ],
                    [
                        13,
                        2
                    ],
                    [
                        7,
                        5
                    ],
                    [
                        2,
                        3
                    ],
                    [
                        9,
                        1
                    ],
                    [
                        5,
                        3
                    ],
                    [
                        12,
                        5
                    ],
                    [
                        11,
                        2
                    ],
                    [
                        6,
                        2
                    ]
                ],
                "prioridad": 7
            },
            "31": {
                "cantidad_bloques": 1,
                "bloques_no_disponibles": [
                    [
                        7,
                        1
                    ],
                    [
                        6,
                        2
                    ],
                    [
                        3,
                        4
                    ],
                    [
                        10,
                        2
                    ],
                    [
                        9,
                        3
                    ],
                    [
                        9,
                        2
                    ],
                    [
                        14,
                        3
                    ],
                    [
                        6,
                        3
                    ]
                ],
                "prioridad": 5
            },
            "32": {
                "cantidad_bloques": 2,
                "bloques_no_disponibles": [
                    [
                        11,
                        5
                    ],
                    [
                        2,
                        3
                    ],
                    [
                        3,
                        4
                    ],
                    [
                        10,
                        5
                    ],
                    [
                        5,
                        3
                    ],
                    [
                        14,
                        2
                    ],
                    [
                        3,
                        3
                    ],
                    [
                        11,
                        4
                    ],
                    [
                        5,
                        5
                    ],
                    [
                        12,
                        1
                    ],
                    [
                        8,
                        2
                    ],
                    [
                        3,
                        1
                    ],
                    [
                        7,
                        1
                    ],
                    [
                        14,
                        5
                    ],
                    [
                        2,
                        4
                    ],
                    [
                        11,
                        3
                    ]
                ],
                "prioridad": 5
            },
            "33": {
                "cantidad_bloques": 1,
                "bloques_no_disponibles": [
                    [
                        9,
                        2
                    ],
                    [
                        3,
                        3
                    ],
                    [
                        7,
                        1
                    ],
                    [
                        9,
                        3
                    ],
                    [
                        6,
                        2
                    ],
                    [
                        10,
                        2
                    ],
                    [
                        4,
                        4
                    ],
                    [
                        3,
                        1
                    ],
                    [
                        5,
                        3
                    ],
                    [
                        4,
                        3
                    ],
                    [
                        6,
                        5
                    ]
                ],
                "prioridad": 8
            },
            "34": {
                "cantidad_bloques": 1,
                "bloques_no_disponibles": [
                    [
                        6,
                        4
                    ],
                    [
                        7,
                        4
                    ],
                    [
                        9,
                        3
                    ],
                    [
                        14,
                        3
                    ],
                    [
                        7,
                        3
                    ],
                    [
                        3,
                        5
                    ],
                    [
                        8,
                        3
                    ],
                    [
                        12,
                        2
                    ],
                    [
                        10,
                        5
                    ],
                    [
                        9,
                        4
                    ],
                    [
                        8,
                        1
                    ],
                    [
                        5,
                        5
                    ],
                    [
                        2,
                        1
                    ]
                ],
                "prioridad": 1
            },
            "35": {
                "cantidad_bloques": 1,
                "bloques_no_disponibles": [
                    [
                        5,
                        4
                    ],
                    [
                        12,
                        3
                    ],
                    [
                        7,
                        5
                    ],
                    [
                        5,
                        1
                    ],
                    [
                        13,
                        3
                    ],
                    [
                        11,
                        1
                    ],
                    [
                        14,
                        2
                    ],
                    [
                        8,
                        3
                    ],
                    [
                        9,
                        1
                    ],
                    [
                        2,
                        2
                    ],
                    [
                        10,
                        2
                    ],
                    [
                        2,
                        4
                    ],
                    [
                        5,
                        3
                    ],
                    [
                        3,
                        3
                    ],
                    [
                        9,
                        4
                    ],
                    [
                        4,
                        1
                    ],
                    [
                        14,
                        1
                    ],
                    [
                        7,
                        3
                    ]
                ],
                "prioridad": 1
            },
            "36": {
                "cantidad_bloques": 2,
                "bloques_no_disponibles": [
                    [
                        9,
                        2
                    ],
                    [
                        10,
                        5
                    ],
                    [
                        7,
                        4
                    ],
                    [
                        14,
                        3
                    ],
                    [
                        12,
                        3
                    ],
                    [
                        5,
                        3
                    ],
                    [
                        7,
                        2
                    ],
                    [
                        5,
                        4
                    ],
                    [
                        7,
                        1
                    ],
                    [
                        2,
                        1
                    ],
                    [
                        1,
                        1
                    ],
                    [
                        9,
                        1
                    ],
                    [
                        2,
                        3
                    ],
                    [
                        12,
                        4
                    ],
                    [
                        1,
                        4
                    ],
                    [
                        8,
                        2
                    ]
                ],
                "prioridad": 7
            },
            "37": {
                "cantidad_bloques": 1,
                "bloques_no_disponibles": [
                    [
                        13,
                        3
                    ],
                    [
                        11,
                        1
                    ],
                    [
                        6,
                        5
                    ],
                    [
                        2,
                        3
                    ],
                    [
                        8,
                        1
                    ],
                    [
                        11,
                        5
                    ],
                    [
                        8,
                        4
                    ],
                    [
                        4,
                        3
                    ],
                    [
                        1,
                        1
                    ],
                    [
                        7,
                        4
                    ],
                    [
                        10,
                        3
                    ],
                    [
                        1,
                        4
                    ],
                    [
                        10,
                        5
                    ],
                    [
                        12,
                        1
                    ],
                    [
                        1,
                        3
                    ],
                    [
                        3,
                        5
                    ]
                ],
                "prioridad": 1
            },
            "38": {
                "cantidad_bloques": 2,
                "bloques_no_disponibles": [
                    [
                        4,
                        1
                    ],
                    [
                        9,
                        3
                    ],
                    [
                        12,
                        3
                    ],
                    [
                        10,
                        1
                    ],
                    [
                        12,
                        5
                    ],
                    [
                        14,
                        1
                    ],
                    [
                        10,
                        2
                    ],
                    [
                        4,
                        3
                    ],
                    [
                        8,
                        1
                    ],
                    [
                        6,
                        2
                    ],
                    [
                        13,
                        3
                    ],
                    [
                        13,
                        5
                    ],
                    [
                        5,
                        5
                    ],
                    [
                        3,
                        5
                    ],
                    [
                        1,
                        4
                    ],
                    [
                        9,
                        2
                    ]
                ],
                "prioridad": 4
            },
            "39": {
                "cantidad_bloques": 1,
                "bloques_no_disponibles": [
                    [
                        12,
                        5
                    ],
                    [
                        8,
                        4
                    ],
                    [
                        11,
                        3
                    ],
                    [
                        3,
                        3
                    ],
                    [
                        7,
                        2
                    ],
                    [
                        10,
                        1
                    ],
                    [
                        13,
                        5
                    ],
                    [
                        8,
                        1
                    ],
                    [
                        5,
                        2
                    ],
                    [
                        11,
                        5
                    ],
                    [
                        10,
                        2
                    ],
                    [
                        3,
                        2
                    ]
                ],
                "prioridad": 8
            },
            "40": {
                "cantidad_bloques": 1,
                "bloques_no_disponibles": [
                    [
                        14,
                        4
                    ],
                    [
                        13,
                        2
                    ],
                    [
                        4,
                        5
                    ],
                    [
                        2,
                        3
                    ],
                    [
                        6,
                        2
                    ],
                    [
                        13,
                        5
                    ],
                    [
                        6,
                        1
                    ],
                    [
                        12,
                        2
                    ],
                    [
                        14,
                        3
                    ],
                    [
                        11,
                        2
                    ],
                    [
                        8,
                        4
                    ],
                    [
                        14,
                        5
                    ],
                    [
                        11,
                        3
                    ],
                    [
                        12,
                        3
                    ],
                    [
                        4,
                        3
                    ],
                    [
                        12,
                        4
                    ],
                    [
                        5,
                        3
                    ],
                    [
                        4,
                        2
                    ]
                ],
                "prioridad": 6
            }
        },
        "salas": {
            "1": {
                "capacidad": 54
            },
            "2": {
                "capacidad": 76
            },
            "3": {
                "capacidad": 61
            }
        }
    }
]